texture-name : Material
rbg : [0.8 0.8 0.8]
weight : 1
vertice : {
 :v0 [1.0 1.0 -1.0],
 :v1 [1.0 -1.0 -1.0],
 :v2 [1.0 1.0 1.0],
 :v3 [1.0 -1.0 1.0],
 :v4 [-1.0 1.0 -1.0],
 :v5 [-1.0 -1.0 -1.0],
 :v6 [-1.0 1.0 1.0],
 :v7 [-1.0 -1.0 1.0]}
normals : {
 :vn0 [0.0 1.0 0.0],
 :vn1 [0.0 0.0 1.0],
 :vn2 [-1.0 0.0 0.0],
 :vn3 [0.0 -1.0 0.0],
 :vn4 [1.0 0.0 0.0],
 :vn5 [0.0 0.0 -1.0]}
faces : { (vertice normal text_cood)
 :f0 [[1 1 1] [5 2 1] [7 3 1] [3 4 1]],
 :f1 [[4 5 2] [3 4 2] [7 6 2] [8 7 2]],
 :f2 [[8 8 3] [7 9 3] [5 10 3] [6 11 3]],
 :f3 [[6 12 4] [2 13 4] [4 5 4] [8 14 4]],
 :f4 [[2 13 5] [1 1 5] [3 4 5] [4 5 5]],
 :f5 [[6 11 6] [5 10 6] [1 1 6] [2 13 6]]}
text_coord : {
 :vt3 [0.625 0.75],
 :vt9 [0.625 0.25],
 :vt10 [0.375 0.25],
 :vt8 [0.625 0.0],
 :vt12 [0.375 0.5],
 :vt2 [0.875 0.75],
 :vt7 [0.375 0.0],
 :vt6 [0.375 1.0],
 :vt0 [0.625 0.5],
 :vt11 [0.125 0.5],
 :vt5 [0.625 1.0],
 :vt4 [0.375 0.75],
 :vt13 [0.125 0.75],
 :vt1 [0.875 0.5]}






 {:f8 [[7 6 3] [5 12 3] [6 7 3]],
 :f1 [[3 2 2] [8 4 2] [4 5 2]],
 :f10 [[1 3 5] [3 2 5] [4 5 5]],
 :f5 [[5 12 6] [2 9 6] [6 7 6]],
 :f11 [[5 12 6] [1 3 6] [2 9 6]],
 :f3 [[2 9 4] [8 10 4] [6 11 4]],
 :f2 [[7 6 3] [6 7 3] [8 8 3]],
 :f0 [[5 1 1] [3 2 1] [1 3 1]],
 :f7 [[3 2 2] [7 14 2] [8 4 2]],
 :f9 [[2 9 4] [4 5 4] [8 10 4]],
 :f6 [[5 1 1] [7 13 1] [3 2 1]],
 :f4 [[1 3 5] [4 5 5] [2 9 5]]}
